008812
011214
011504
008814
009469
010264
011210
015644
006475
011211
009179
006473
015465
010111
009180
008813
015641
009177
011277
010526
008824
010529
010263
011215
010154
011209
008815
010524
010528
008802
010324
007922
015466
011213
011279
011510
010531
010112
009187
010143
011280
010537
009480
011216
008589
006474
006878
010535
010121
007847
010168
009178
015643
016023
015642
007526
010543
010164
016026
008579
007728
015448
015160
011459
010527
009459
015449
010534
010288
010152
010544
011772
006879
010153
010169
017760
011767
008807
011192
015639
015464
010532
008623
016022
010523
010536
012911
009175
007846
014182
011278
010289
010163
015447
010162
010126
005787
011506
009487
009535
011770
010122
010167
011458
010286
011464
010533
008618
010106
011190
009494
010327
010127
010110
006946
007925
016024
010128
015188
011764
015446
006951
009183
010156
011177
009463
008580
009188
008822
008821
011193
010119
008811
010117
011237
015640
015157
007984
011765
011167
010325
010108
006476
015152
009484
010539
015153
011281
010165
011456
007278
016672
007985
007923
017761
010262
015445
007982
015451
007971
015429
014180
009185
010540
011218
010151
010246
006464
011451
006880
007983
010148
015453
007988
010270
010109
008804
015456
006485
011771
008805
010555
010287
010124
017812
009181
010155
017759
007729
015439
010114
010542
011768
015705
015450
011178
011466
005770
007273
010483
011457
010159
010125
010147
006446
017755
009470
008625
007279
010317
008582
010265
017758
008581
010521
017077
011769
015454
010550
006394
011194
010522
010248
004559
006454
009182
010313
006483
011774
008412
010323
006462
011460
010283
009472
010161
011452
015455
008578
005779
011242
007986
009176
011455
007891
011773
008808
009461
013789
009458
011492
007981
007753
009189
010561
008820
011184
010538
007731
010545
010256
010172
010319
003267
010102
008584
007920
006482
015443
011775
010525
017067
008159
006471
013786
011463
011241
010180
012922
011449
010166
015457
007977
015158
010261
010266
009680
009767
010485
010282
010486
015467
011212
016707
007944
006455
016677
010132
006457
008588
011234
015710
008629
015637
010150
009170
016025
011235
011168
009766
010285
015469
010328
013182
009456
010145
007926
017714
006940
016678
006486
006936
010562
010116
016877
011161
006862
007726
010158
012893
010273
009763
013782
017757
011179
007947
016682
009198
005786
011776
011276
009679
005772
009184
006447
016684
016661
010284
016636
010554
010149
011470
007765
006873
011189
010290
010170
015638
015187
011166
012312
015189
010251
007540
013787
006465
007978
012375
017840
016695
004928
010482
010113
010247
004558
008628
007973
009457
011766
010230
005769
017069
010605
011191
010800
011411
005774
007897
006472
006863
008806
017056
007970
007928
017756
005754
008613
015452
015463
016676
016667
006865
010120
016679
015139
011207
011467
015163
007974
011201
010179
004625
005776
008798
010146
007235
007949
008465
005485
011183
011185
007890
004546
010181
011781
007276
011505
009453
009186
010144
011208
011507
013778
009481
009350
010134
010601
015707
006935
010133
008164
011468
011236
015166
009464
011187
008819
006466
010160
014209
014178
017830
011169
011414
010138
009466
005771
016084
016021
011205
012905
008755
015468
010267
009455
010260
012310
009460
007334
009496
011508
010322
005483
005755
015164
004545
006449
016680
006874
010123
007274
007234
016731
010553
007979
004561
003255
010546
012339
005757
009479
009462
006470
010519
014183
015460
010600
011465
009148
007924
006463
010107
016690
010118
010552
011503
011426
006882
013188
006943
012340
016016
015434
011174
011217
006469
011188
011454
006872
008466
017831
007976
009171
008597
008799
012912
012341
007972
005782
011462
015458
004631
011266
007956
010139
015432
010281
005788
008586
006264
009468
010115
011450
010990
008462
007975
008435
006881
006461
004557
004564
009963
012895
012336
006490
015645
013181
005775
014201
010255
007527
015630
004560
011233
007969
010157
015461
008535
006460
006451
010728
009740
007919
007280
008825
008158
008388
008617
007533
010274
000601
007532
017835
007893
012914
010279
014175
010481
006941
009682
010258
011165
008427
010174
010131
005777
007720
011282
008817
009197
006489
015151
004633
016674
011199
009533
012309
016660
009675
010136
010547
006456
012908
011206
013183
014181
011180
007980
007909
011196
007892
014549
008752
011469
013219
010129
015190
009196
015192
015438
008428
010304
012934
006866
000600
012920
010326
017841
006444
012921
009483
008414
011240
017503
016685
016882
004541
010096
008816
015430
007384
007724
016488
007733
017763
011461
007848
017845
009482
015437
006481
011204
007347
007271
004539
007120
004632
010101
015586
010306
010175
004563
016074
006491
004551
011513
010104
010249
011197
006438
015425
000473
004613
014513
011511
007239
007316
017070
015186
009672
007917
008601
017068
009199
008810
011172
000470
011267
010177
015183
006265
015418
015442
016708
014167
007935
011186
001680
010253
004555
005784
012288
016705
017073
015150
017062
004565
011181
006480
006253
007727
015161
014204
007954
009510
011269
008614
008616
006477
007993
010257
010135
009478
011472
011419
006867
004624
004553
009195
010520
016051
017042
011777
009173
015191
007121
011238
015444
000472
009190
015810
014174
011170
007867
005781
016683
017057
007718
016641
012304
015470
015598
009962
011412
010245
017076
016017
009495
008801
011176
006938
010541
017752
007992
016694
011173
004547
007525
008809
011778
015701
008411
007124
010259
010518
017058
015167
006459
004567
005778
017843
010716
016662
009498
010530
015155
016689
017811
016686
009156
008751
000465
013186
015433
006864
001744
010943
016027
010137
017837
017197
007275
010276
017814
008576
016681
011202
016675
007882
015435
005499
010985
011600
008596
017052
005780
015631
011599
011195
000598
008433
015708
006443
004556
009010
015711
010604
007524
012913
011856
006452
009477
001683
016700
012311
008803
017254
015431
006859
007767
006467
015182
008599
016671
007277
006876
015154
010182
006478
005773
008606
011182
017834
009684
006944
007889
008823
006875
004562
007736
015815
001940
007754
005490
008620
014205
003262
008424
007281
016691
008434
008587
009191
005508
008818
011171
011415
007950
014184
010100
016643
010563
017074
016697
015159
010173
007321
015441
010105
017754
014207
012918
010709
010989
007332
010575
004891
010560
004532
007888
016885
011473
013781
004889
009493
004634
016642
008175
008598
013180
008600
010339
010556
017751
011162
007896
012313
009485
010558
006436
008460
007989
013187
012300
017753
010940
017130
007987
008429
006421
004534
017053
007346
017842
010185
009752
009670
010480
011499
015696
007472
006950
010814
007129
007948
011779
011163
016020
004552
016732
007902
007479
011420
004566
004554
015706
010566
007330
015156
011763
004543
017742
015169
008754
009342
003266
007090
013835
003264
010130
011175
002288
010252
011265
009504
010517
008604
016055
011761
010310
007737
017711
007719
009474
007333
017282
007907
008296
017833
006479
